ID	chrom	loc.start	loc.end	num.mark	seg.mean
s_AML_GCT_2T3	23	2700139	154743793	5238	-0.0335009660206584
s_AML_GCT_2T3	22	16123250	51219006	5869	-0.0762124538950004
s_AML_GCT_2T3	21	9826150	48084450	2658	0.0496239465992419
s_AML_GCT_2T3	20	68336	62905090	6592	-0.050351160631341
s_AML_GCT_2T3	19	281450	59084000	16288	-0.124098879532063
s_AML_GCT_2T3	18	94194	78005189	3598	-0.0122291967773483
s_AML_GCT_2T3	17	9631418	81083526	11892	-0.0659994914925967
s_AML_GCT_2T3	17	6200	9615350	2909	-0.0743121348354989
s_AML_GCT_2T3	16	97462	90142300	10545	-0.0555251332554149
s_AML_GCT_2T3	15	20170000	102389754	8319	-0.0409902286461245
s_AML_GCT_2T3	14	19499429	107283200	7811	0.0408147912957161
s_AML_GCT_2T3	13	19240562	115091650	4316	-0.107448585421747
s_AML_GCT_2T3	12	208400	133811000	12954	-0.00609131687408176
s_AML_GCT_2T3	11	193146	134257807	15059	-0.0237760137892573
s_AML_GCT_2T3	10	226050	135381814	9692	-0.00943349278772936
s_AML_GCT_2T3	9	117760	141024047	10106	-0.040483211841164
s_AML_GCT_2T3	8	183200	146279600	8370	0.113865914602214
s_AML_GCT_2T3	7	193450	159025700	11543	-0.00882936721278849
s_AML_GCT_2T3	6	203619	170892848	12549	0.0120158650186443
s_AML_GCT_2T3	5	68463014	180687760	7941	-0.00864844573028112
s_AML_GCT_2T3	5	140532	68425345	2970	-0.0210568181755508
s_AML_GCT_2T3	4	53360	190903889	9157	-0.00723400459899576
s_AML_GCT_2T3	3	239347	197765650	14618	-0.00012660727815262
s_AML_GCT_2T3	2	95963150	242946544	11350	-0.0102886127930878
s_AML_GCT_2T3	2	45300	95954724	6443	0.00117606848063453
s_AML_GCT_2T3	1	86252025	249212600	13993	0.0861078117366147
s_AML_GCT_2T3	1	762061	86249800	10891	0.0156963002458513
s_AML_GCT_2T1	23	2700157	154743793	5238	-0.141355765829339
s_AML_GCT_2T1	22	16123250	51219006	5869	-0.171674652486134
s_AML_GCT_2T1	21	9826150	48084450	2658	0.398186042684792
s_AML_GCT_2T1	20	68303	62905100	6592	-0.126212719345639
s_AML_GCT_2T1	19	281534	59084000	16288	-0.240187547597809
s_AML_GCT_2T1	18	94162	78005150	3598	-0.0248502593462168
s_AML_GCT_2T1	17	9511536	81083600	11919	-0.121638440680231
s_AML_GCT_2T1	17	6200	9503450	2882	-0.118954095435174
s_AML_GCT_2T1	16	97245	90142341	10546	-0.161584158167804
s_AML_GCT_2T1	15	20170000	102389754	8319	-0.0735553088073873
s_AML_GCT_2T1	14	19499429	107283209	7811	-0.0209262243615672
s_AML_GCT_2T1	13	19240550	115091650	4316	-0.683317091191956
s_AML_GCT_2T1	12	208351	133811000	12954	-0.0397896083470623
s_AML_GCT_2T1	11	193146	134257850	15058	-0.0623852190516911
s_AML_GCT_2T1	10	225900	135381814	9692	-0.0224380312865335
s_AML_GCT_2T1	9	117760	141024059	10106	-0.0857187646007733
s_AML_GCT_2T1	8	183102	146279600	8370	-0.0201278143955191
s_AML_GCT_2T1	7	193600	159025850	11542	-0.0252264286760383
s_AML_GCT_2T1	6	203450	170892922	12549	-0.00288230483262097
s_AML_GCT_2T1	5	180649800	180687800	40	0.11609071997308
s_AML_GCT_2T1	5	68463014	180649600	7901	-0.0123571487958563
s_AML_GCT_2T1	5	140636	68425400	2970	-0.0128577399350436
s_AML_GCT_2T1	4	53200	190903938	9157	-0.00566908336553068
s_AML_GCT_2T1	3	239347	197765665	14618	-0.00954381706761442
s_AML_GCT_2T1	2	96464950	242946550	11332	-0.0160270614397814
s_AML_GCT_2T1	2	45521	96195250	6460	0.00984342879430117
s_AML_GCT_2T1	1	86046800	249212502	14021	0.450380501740176
s_AML_GCT_2T1	1	762061	85930550	10863	0.334441960560186
